1004
1101
1206
1304
1406
1501
1606
170d
3001
3023
3045
3067
1002
1100
3001
1005
1103
1206
1301
1406
150e
1606
1704
3001
3023
3045
3067
1006
110c
1206
1301
1406
150e
1606
1704
3001
3023
3045
3067
1002
1100
3001
1002
1103
1203
1306
1403
1509
3001
3023
3045
1000
110a
3001
1003
1104
1203
1302
1402
150b
1603
170d
3001
3045
3023
3067
7513
3005
1000
110a
3001
1003
1104
1203
1302
1402
150a
1603
170d
3001
3045
3023
3067
1004
1104
7701
3067
1000
110a
3001
1003
1104
1203
1302
1402
150d
1603
170d
3001
3045
3023
3067
1004
1102
1203
f301
3023
1002
1100
3001
3001
3001
1003
1104
1203
1302
1402
150d
1603
170d
3001
3045
3023
3067
1004
1102
120f
1301
4121
7131
7501
1403
3045
